15 15 1669921230
21 17 1669921230
37 18 1669921230
49 19 1669921230
112 20 1669921230
129 23 1669921230
132 24 1669921230
142 25 1669921230
15 15.0223 1669921260
21 16.973 1669921260
37 17.8434 1669921260
49 18.752 1669921260
112 20.1409 1669921260
129 22.9728 1669921260
132 24.0067 1669921260
142 24.9121 1669921260
15 15.1587 1669921290
21 17.1305 1669921290
37 18.0269 1669921290
49 18.7048 1669921290
112 19.9814 1669921290
129 23.0562 1669921290
132 23.8778 1669921290
142 24.9432 1669921290
15 15.2988 1669921320
21 16.9426 1669921320
37 17.9796 1669921320
49 18.6332 1669921320
112 19.9699 1669921320
129 23.064 1669921320
132 24.0693 1669921320
142 25.1552 1669921320
15 15.283 1669921350
21 17.0684 1669921350
37 17.942 1669921350
49 18.4907 1669921350
112 19.8992 1669921350
129 23.1546 1669921350
132 24.1975 1669921350
142 24.9576 1669921350
15 15.1264 1669921380
21 16.824 1669921380
37 18.1643 1669921380
49 18.5274 1669921380
112 19.9456 1669921380
129 23.2342 1669921380
132 24.4268 1669921380
142 25.1415 1669921380
15 15.022 1669921410
21 16.9798 1669921410
37 18.1544 1669921410
49 18.5314 1669921410
112 20.089 1669921410
129 23.0482 1669921410
132 24.5768 1669921410
142 25.2624 1669921410
15 15.1786 1669921440
21 16.9382 1669921440
37 18.3291 1669921440
49 18.7758 1669921440
112 19.9963 1669921440
129 22.8569 1669921440
132 24.5034 1669921440
142 25.2393 1669921440
15 15.0845 1669921470
21 16.8308 1669921470
37 18.3128 1669921470
49 18.7285 1669921470
112 20.0638 1669921470
129 22.9569 1669921470
132 24.5434 1669921470
142 25.0584 1669921470
15 14.8451 1669921500
21 16.92 1669921500
37 18.347 1669921500
49 18.9067 1669921500
112 19.9806 1669921500
129 22.8058 1669921500
132 24.4681 1669921500
142 24.9204 1669921500
15 15.0091 1669921530
21 17.0541 1669921530
37 18.1401 1669921530
49 18.7126 1669921530
112 19.8439 1669921530
129 23.0156 1669921530
132 24.5583 1669921530
142 25.0625 1669921530
15 14.9788 1669921560
21 16.9294 1669921560
37 18.3465 1669921560
49 18.918 1669921560
112 19.9803 1669921560
129 22.8993 1669921560
132 24.6626 1669921560
142 24.8319 1669921560
15 14.9054 1669921590
21 16.7136 1669921590
37 18.5242 1669921590
49 18.9602 1669921590
112 20.1597 1669921590
129 22.9669 1669921590
132 24.5138 1669921590
142 24.9141 1669921590
15 15.0928 1669921620
21 16.8092 1669921620
37 18.7282 1669921620
49 19.1173 1669921620
112 20.2819 1669921620
129 23.1699 1669921620
132 24.7296 1669921620
142 24.9266 1669921620
15 15.088 1669921650
21 16.8381 1669921650
37 18.6662 1669921650
49 19.2231 1669921650
112 20.3278 1669921650
129 23.1746 1669921650
132 24.8984 1669921650
142 24.9053 1669921650
15 15.0131 1669921680
21 16.9361 1669921680
37 18.9118 1669921680
49 19.1255 1669921680
112 20.3397 1669921680
129 23.3938 1669921680
132 25.0179 1669921680
142 25.0464 1669921680
15 15.0094 1669921710
21 16.8096 1669921710
37 18.8585 1669921710
49 19.3476 1669921710
112 20.3992 1669921710
129 23.315 1669921710
132 24.8988 1669921710
142 24.9355 1669921710
15 15.1089 1669921740
21 16.86 1669921740
37 18.7428 1669921740
49 19.1516 1669921740
112 20.4392 1669921740
129 23.227 1669921740
132 25.0448 1669921740
142 24.9212 1669921740
15 15.138 1669921770
21 16.6721 1669921770
37 18.9848 1669921770
49 19.1865 1669921770
112 20.2298 1669921770
129 23.1426 1669921770
132 25.0449 1669921770
142 24.776 1669921770
15 15.0823 1669921800
21 16.423 1669921800
37 19.125 1669921800
49 19.4029 1669921800
112 20.4567 1669921800
129 22.9542 1669921800
132 25.257 1669921800
142 24.8605 1669921800
15 14.9155 1669921830
21 16.4435 1669921830
37 19.1021 1669921830
49 19.1881 1669921830
112 20.4268 1669921830
129 23.0092 1669921830
132 25.0835 1669921830
142 24.6772 1669921830
15 14.9164 1669921860
21 16.4004 1669921860
37 19.3467 1669921860
49 18.9963 1669921860
112 20.5351 1669921860
129 22.765 1669921860
132 25.0333 1669921860
142 24.4819 1669921860
15 15.1655 1669921890
21 16.4895 1669921890
37 19.4872 1669921890
49 18.8751 1669921890
112 20.6709 1669921890
129 22.851 1669921890
132 25.099 1669921890
142 24.5361 1669921890
15 14.9411 1669921920
21 16.299 1669921920
37 19.7086 1669921920
49 18.9917 1669921920
112 20.6719 1669921920
129 22.6358 1669921920
132 25.3351 1669921920
142 24.6378 1669921920
15 14.8149 1669921950
21 16.2396 1669921950
37 19.7953 1669921950
49 18.8041 1669921950
112 20.7191 1669921950
129 22.6444 1669921950
132 25.4817 1669921950
142 24.7912 1669921950
15 14.5894 1669921980
21 16.2995 1669921980
37 19.956 1669921980
49 18.6727 1669921980
112 20.6424 1669921980
129 22.8016 1669921980
132 25.6123 1669921980
142 24.767 1669921980
15 14.5258 1669922010
21 16.4978 1669922010
37 20.0035 1669922010
49 18.7261 1669922010
112 20.4403 1669922010
129 22.8651 1669922010
132 25.6763 1669922010
142 24.894 1669922010
15 14.2825 1669922040
21 16.4261 1669922040
37 20.166 1669922040
49 18.9521 1669922040
112 20.3552 1669922040
129 22.9664 1669922040
132 25.5345 1669922040
142 24.7147 1669922040
15 14.3265 1669922070
21 16.3246 1669922070
37 20.0754 1669922070
49 19.0475 1669922070
112 20.5403 1669922070
129 22.7712 1669922070
132 25.724 1669922070
142 24.6573 1669922070
15 14.4935 1669922100
21 16.3732 1669922100
37 20.13 1669922100
49 19.2847 1669922100
112 20.6652 1669922100
129 22.8067 1669922100
132 25.8184 1669922100
142 24.6311 1669922100
15 14.5658 1669922130
21 16.4368 1669922130
37 20.3081 1669922130
49 19.3195 1669922130
112 20.6793 1669922130
129 22.8664 1669922130
132 25.9471 1669922130
142 24.4632 1669922130
15 14.4015 1669922160
21 16.5185 1669922160
37 20.4206 1669922160
49 19.2249 1669922160
112 20.8413 1669922160
129 22.9871 1669922160
132 25.8865 1669922160
142 24.3748 1669922160
15 14.5055 1669922190
21 16.2988 1669922190
37 20.5889 1669922190
49 19.3631 1669922190
112 20.9903 1669922190
129 23.1824 1669922190
132 25.7012 1669922190
142 24.2621 1669922190
15 14.6652 1669922220
21 16.4978 1669922220
37 20.7239 1669922220
49 19.2679 1669922220
112 20.8163 1669922220
129 23.3132 1669922220
132 25.7918 1669922220
142 24.4133 1669922220
15 14.6019 1669922250
21 16.5459 1669922250
37 20.8085 1669922250
49 19.2644 1669922250
112 21.0538 1669922250
129 23.5578 1669922250
132 25.9588 1669922250
142 24.4796 1669922250
15 14.7039 1669922280
21 16.316 1669922280
37 20.6637 1669922280
49 19.3686 1669922280
112 21.0192 1669922280
129 23.3102 1669922280
132 25.8065 1669922280
142 24.5307 1669922280
15 14.5185 1669922310
21 16.1083 1669922310
37 20.4508 1669922310
49 19.3576 1669922310
112 21.1867 1669922310
129 23.3746 1669922310
132 25.5652 1669922310
142 24.396 1669922310
15 14.491 1669922340
21 16.3143 1669922340
37 20.2386 1669922340
49 19.5377 1669922340
112 21.0166 1669922340
129 23.424 1669922340
132 25.7753 1669922340
142 24.217 1669922340
15 14.6462 1669922370
21 16.374 1669922370
37 20.3932 1669922370
49 19.4362 1669922370
112 20.9546 1669922370
129 23.2466 1669922370
132 25.841 1669922370
142 24.2464 1669922370
15 14.724 1669922400
21 16.4144 1669922400
37 20.6375 1669922400
49 19.6653 1669922400
112 20.8658 1669922400
129 23.2021 1669922400
132 25.7937 1669922400
142 24.4322 1669922400
15 14.8999 1669922430
21 16.4509 1669922430
37 20.7259 1669922430
49 19.8181 1669922430
112 20.6168 1669922430
129 23.4436 1669922430
132 25.7894 1669922430
142 24.2396 1669922430
15 14.8539 1669922460
21 16.4051 1669922460
37 20.5931 1669922460
49 19.7287 1669922460
112 20.5087 1669922460
129 23.2226 1669922460
132 25.9776 1669922460
142 24.0023 1669922460
15 14.7957 1669922490
21 16.5648 1669922490
37 20.4158 1669922490
49 19.5133 1669922490
112 20.2626 1669922490
129 23.3656 1669922490
132 25.9955 1669922490
142 23.8783 1669922490
15 14.8142 1669922520
21 16.6355 1669922520
37 20.5789 1669922520
49 19.2936 1669922520
112 20.2101 1669922520
129 23.1985 1669922520
132 26.0469 1669922520
142 23.7231 1669922520
15 14.8023 1669922550
21 16.8479 1669922550
37 20.4095 1669922550
49 19.127 1669922550
112 20.202 1669922550
129 23.17 1669922550
132 25.8887 1669922550
142 23.9083 1669922550
15 14.9082 1669922580
21 16.8278 1669922580
37 20.5469 1669922580
49 19.2233 1669922580
112 19.9708 1669922580
129 23.0954 1669922580
132 25.6547 1669922580
142 23.812 1669922580
15 14.6986 1669922610
21 16.7492 1669922610
37 20.7921 1669922610
49 19.256 1669922610
112 20.2204 1669922610
129 23.1883 1669922610
132 25.8722 1669922610
142 23.9153 1669922610
15 14.6722 1669922640
21 16.8189 1669922640
37 20.5521 1669922640
49 19.2617 1669922640
112 20.0205 1669922640
129 23.2611 1669922640
132 25.8486 1669922640
142 23.6659 1669922640
15 14.6571 1669922670
21 17.0168 1669922670
37 20.3847 1669922670
49 19.0171 1669922670
112 20.1111 1669922670
129 23.0539 1669922670
132 25.9018 1669922670
142 23.5272 1669922670
15 14.6491 1669922700
21 16.887 1669922700
37 20.4988 1669922700
49 19.1636 1669922700
112 19.9231 1669922700
129 22.9741 1669922700
132 25.7594 1669922700
142 23.4496 1669922700
15 14.5119 1669922730
21 16.6796 1669922730
37 20.6859 1669922730
49 18.9745 1669922730
112 19.9479 1669922730
129 22.9979 1669922730
132 25.9336 1669922730
142 23.3754 1669922730
15 14.3681 1669922760
21 16.9201 1669922760
37 20.8951 1669922760
49 18.7962 1669922760
112 20.001 1669922760
129 22.9819 1669922760
132 26.0684 1669922760
142 23.3542 1669922760
15 14.1575 1669922790
21 16.6742 1669922790
37 20.831 1669922790
49 18.6129 1669922790
112 19.8626 1669922790
129 23.0565 1669922790
132 26.2374 1669922790
142 23.4046 1669922790
15 13.9393 1669922820
21 16.5276 1669922820
37 20.8883 1669922820
49 18.6414 1669922820
112 19.7122 1669922820
129 23.0043 1669922820
132 26.0116 1669922820
142 23.4323 1669922820
15 13.7634 1669922850
21 16.7371 1669922850
37 20.7605 1669922850
49 18.6303 1669922850
112 19.6411 1669922850
129 22.9654 1669922850
132 25.9079 1669922850
142 23.3174 1669922850
15 13.5373 1669922880
21 16.7956 1669922880
37 21.0077 1669922880
49 18.3829 1669922880
112 19.7879 1669922880
129 22.844 1669922880
132 26.1375 1669922880
142 23.2347 1669922880
15 13.4783 1669922910
21 16.9058 1669922910
37 21.063 1669922910
49 18.2045 1669922910
112 19.7549 1669922910
129 22.8057 1669922910
132 25.9855 1669922910
142 23.3765 1669922910
15 13.6582 1669922940
21 16.7337 1669922940
37 20.9264 1669922940
49 18.2633 1669922940
112 19.8665 1669922940
129 22.6501 1669922940
132 25.7396 1669922940
142 23.536 1669922940
15 13.5334 1669922970
21 16.9449 1669922970
37 20.9726 1669922970
49 18.0173 1669922970
112 19.9935 1669922970
129 22.4973 1669922970
132 25.9331 1669922970
142 23.4837 1669922970
15 13.4014 1669923000
21 17.0596 1669923000
37 21.2069 1669923000
49 18.1544 1669923000
112 20.0341 1669923000
129 22.5464 1669923000
132 25.8452 1669923000
142 23.2573 1669923000
15 13.6477 1669923030
21 17.2325 1669923030
37 21.274 1669923030
49 18.1964 1669923030
112 20.1641 1669923030
129 22.5241 1669923030
132 25.7946 1669923030
142 23.3908 1669923030
15 13.6365 1669923060
21 17.3135 1669923060
37 21.3826 1669923060
49 18.2842 1669923060
112 20.1075 1669923060
129 22.7414 1669923060
132 25.8452 1669923060
142 23.2563 1669923060
15 13.8694 1669923090
21 17.1218 1669923090
37 21.3856 1669923090
49 18.4669 1669923090
112 19.8792 1669923090
129 22.8083 1669923090
132 25.6941 1669923090
142 23.094 1669923090
15 13.7829 1669923120
21 16.8941 1669923120
37 21.3771 1669923120
49 18.3193 1669923120
112 19.6717 1669923120
129 22.901 1669923120
132 25.8104 1669923120
142 22.9753 1669923120
15 13.9838 1669923150
21 17.0077 1669923150
37 21.1622 1669923150
49 18.1805 1669923150
112 19.7469 1669923150
129 22.937 1669923150
132 25.9184 1669923150
142 22.902 1669923150
15 14.0409 1669923180
21 16.9548 1669923180
37 21.1544 1669923180
49 18.0064 1669923180
112 19.8102 1669923180
129 22.972 1669923180
132 25.744 1669923180
142 23.0022 1669923180
15 13.8483 1669923210
21 16.8069 1669923210
37 20.9774 1669923210
49 18.0231 1669923210
112 19.8367 1669923210
129 22.9793 1669923210
132 25.6534 1669923210
142 22.859 1669923210
15 13.7761 1669923240
21 16.6952 1669923240
37 21.1401 1669923240
49 17.8287 1669923240
112 19.6408 1669923240
129 22.8082 1669923240
132 25.4784 1669923240
142 22.9144 1669923240
15 14.0106 1669923270
21 16.7789 1669923270
37 20.9152 1669923270
49 18.0749 1669923270
112 19.5892 1669923270
129 22.9184 1669923270
132 25.5317 1669923270
142 23.1477 1669923270
15 13.8735 1669923300
21 16.9336 1669923300
37 20.8455 1669923300
49 18.138 1669923300
112 19.6979 1669923300
129 22.8559 1669923300
132 25.6317 1669923300
142 23.3462 1669923300
15 13.6994 1669923330
21 17.0898 1669923330
37 20.9209 1669923330
49 18.0326 1669923330
112 19.8915 1669923330
129 22.7557 1669923330
132 25.4774 1669923330
142 23.286 1669923330
15 13.7401 1669923360
21 16.9395 1669923360
37 20.7737 1669923360
49 17.9764 1669923360
112 19.8741 1669923360
129 22.8215 1669923360
132 25.4946 1669923360
142 23.5321 1669923360
15 13.7671 1669923390
21 16.7439 1669923390
37 20.5298 1669923390
49 17.7761 1669923390
112 19.8392 1669923390
129 22.6323 1669923390
132 25.4173 1669923390
142 23.375 1669923390
15 13.7484 1669923420
21 16.8582 1669923420
37 20.5802 1669923420
49 17.8072 1669923420
112 20.0639 1669923420
129 22.6503 1669923420
132 25.4284 1669923420
142 23.148 1669923420
15 13.9035 1669923450
21 16.9777 1669923450
37 20.8125 1669923450
49 17.5955 1669923450
112 20.2588 1669923450
129 22.8462 1669923450
132 25.2602 1669923450
142 23.3451 1669923450
15 13.7761 1669923480
21 17.1516 1669923480
37 20.6035 1669923480
49 17.6256 1669923480
112 20.3259 1669923480
129 22.806 1669923480
132 25.3076 1669923480
142 23.5872 1669923480
15 13.9244 1669923510
21 16.9377 1669923510
37 20.4441 1669923510
49 17.77 1669923510
112 20.3629 1669923510
129 22.9282 1669923510
132 25.1269 1669923510
142 23.5897 1669923510
15 14.1111 1669923540
21 16.8316 1669923540
37 20.2797 1669923540
49 17.9267 1669923540
112 20.3054 1669923540
129 22.753 1669923540
132 25.253 1669923540
142 23.3745 1669923540
15 14.1813 1669923570
21 16.9335 1669923570
37 20.3262 1669923570
49 17.8218 1669923570
112 20.4627 1669923570
129 22.9788 1669923570
132 25.1462 1669923570
142 23.5678 1669923570
15 14.3542 1669923600
21 16.8572 1669923600
37 20.0949 1669923600
49 17.7601 1669923600
112 20.3358 1669923600
129 23.2007 1669923600
132 25.3525 1669923600
142 23.7397 1669923600
15 14.1235 1669923630
21 16.7799 1669923630
37 19.9573 1669923630
49 17.6447 1669923630
112 20.4627 1669923630
129 23.2468 1669923630
132 25.2154 1669923630
142 23.8964 1669923630
15 14.0639 1669923660
21 16.9156 1669923660
37 20.1273 1669923660
49 17.6047 1669923660
112 20.5631 1669923660
129 23.0812 1669923660
132 25.2785 1669923660
142 23.9352 1669923660
15 14.2845 1669923690
21 16.7173 1669923690
37 20.2692 1669923690
49 17.838 1669923690
112 20.413 1669923690
129 22.9721 1669923690
132 25.4522 1669923690
142 24.1472 1669923690
15 14.2538 1669923720
21 16.9041 1669923720
37 20.3734 1669923720
49 18.0534 1669923720
112 20.6141 1669923720
129 22.8914 1669923720
132 25.6657 1669923720
142 24.202 1669923720
15 14.4496 1669923750
21 17.118 1669923750
37 20.4152 1669923750
49 17.9532 1669923750
112 20.6968 1669923750
129 22.7959 1669923750
132 25.6522 1669923750
142 24.0015 1669923750
15 14.462 1669923780
21 17.2789 1669923780
37 20.4488 1669923780
49 17.7965 1669923780
112 20.7513 1669923780
129 22.9405 1669923780
132 25.8195 1669923780
142 23.8534 1669923780
15 14.5057 1669923810
21 17.1636 1669923810
37 20.5156 1669923810
49 17.9918 1669923810
112 20.9779 1669923810
129 23.079 1669923810
132 25.8925 1669923810
142 23.6107 1669923810
15 14.4809 1669923840
21 17.0327 1669923840
37 20.3969 1669923840
49 18.1524 1669923840
112 21.14 1669923840
129 23.203 1669923840
132 25.7841 1669923840
142 23.7606 1669923840
15 14.455 1669923870
21 16.8971 1669923870
37 20.6365 1669923870
49 18.37 1669923870
112 21.3396 1669923870
129 23.2525 1669923870
132 26.0096 1669923870
142 23.9483 1669923870
15 14.4431 1669923900
21 16.9119 1669923900
37 20.7349 1669923900
49 18.3931 1669923900
112 21.2702 1669923900
129 23.3914 1669923900
132 26.0051 1669923900
142 24.0943 1669923900
15 14.3195 1669923930
21 17.0278 1669923930
37 20.795 1669923930
49 18.1966 1669923930
112 21.0909 1669923930
129 23.3621 1669923930
132 26.0065 1669923930
142 24.1351 1669923930
15 14.3272 1669923960
21 17.0813 1669923960
37 21.0098 1669923960
49 18.3694 1669923960
112 21.2605 1669923960
129 23.5169 1669923960
132 25.7787 1669923960
142 23.9895 1669923960
15 14.1468 1669923990
21 17.0909 1669923990
37 21.0576 1669923990
49 18.5864 1669923990
112 21.0212 1669923990
129 23.7501 1669923990
132 25.5305 1669923990
142 24.1547 1669923990
15 14.0571 1669924020
21 17.2921 1669924020
37 21.0323 1669924020
49 18.4418 1669924020
112 21.189 1669924020
129 23.6216 1669924020
132 25.3868 1669924020
142 24.3689 1669924020
15 14.0687 1669924050
21 17.5337 1669924050
37 20.8125 1669924050
49 18.3644 1669924050
112 21.4331 1669924050
129 23.8572 1669924050
132 25.3919 1669924050
142 24.5749 1669924050
15 14.2346 1669924080
21 17.7065 1669924080
37 20.6023 1669924080
49 18.4797 1669924080
112 21.2791 1669924080
129 24.0244 1669924080
132 25.2747 1669924080
142 24.4759 1669924080
15 14.3511 1669924110
21 17.5251 1669924110
37 20.5721 1669924110
49 18.3909 1669924110
112 21.0854 1669924110
129 23.908 1669924110
132 25.1773 1669924110
142 24.3246 1669924110
15 14.1561 1669924140
21 17.3806 1669924140
37 20.4294 1669924140
49 18.1934 1669924140
112 21.1879 1669924140
129 23.8307 1669924140
132 25.3338 1669924140
142 24.2355 1669924140
15 14.1113 1669924170
21 17.2566 1669924170
37 20.6765 1669924170
49 18.3701 1669924170
112 21.2271 1669924170
129 23.7831 1669924170
132 25.3441 1669924170
142 24.2741 1669924170
15 14.1287 1669924200
21 17.5028 1669924200
37 20.6044 1669924200
49 18.3181 1669924200
112 21.3243 1669924200
129 23.621 1669924200
132 25.3105 1669924200
142 24.377 1669924200
