15 15.000000 1669921230
21 17.000000 1669921230
37 18.000000 1669921230
49 19.000000 1669921230
112 20.000000 1669921230
129 23.000000 1669921230
132 24.000000 1669921230
142 25.000000 1669921230
15 15.022254 1669921260
21 16.972977 1669921260
37 17.843400 1669921260
49 18.752036 1669921260
112 20.140916 1669921260
129 22.972843 1669921260
132 24.006706 1669921260
142 24.912084 1669921260
15 15.158719 1669921290
21 17.130467 1669921290
37 18.026874 1669921290
49 18.704773 1669921290
112 19.981438 1669921290
129 23.056195 1669921290
132 23.877784 1669921290
142 24.943202 1669921290
15 15.298758 1669921320
21 16.942622 1669921320
37 17.979624 1669921320
49 18.633234 1669921320
112 19.969862 1669921320
129 23.063957 1669921320
132 24.069344 1669921320
142 25.155159 1669921320
15 15.283047 1669921350
21 17.068389 1669921350
37 17.941960 1669921350
49 18.490740 1669921350
112 19.899218 1669921350
129 23.154615 1669921350
132 24.197518 1669921350
142 24.957593 1669921350
15 15.126370 1669921380
21 16.824009 1669921380
37 18.164250 1669921380
49 18.527436 1669921380
112 19.945627 1669921380
129 23.234203 1669921380
132 24.426842 1669921380
142 25.141506 1669921380
15 15.021977 1669921410
21 16.979752 1669921410
37 18.154435 1669921410
49 18.531383 1669921410
112 20.089016 1669921410
129 23.048204 1669921410
132 24.576804 1669921410
142 25.262438 1669921410
15 15.178639 1669921440
21 16.938225 1669921440
37 18.329097 1669921440
49 18.775824 1669921440
112 19.996340 1669921440
129 22.856892 1669921440
132 24.503405 1669921440
142 25.239332 1669921440
15 15.084525 1669921470
21 16.830842 1669921470
37 18.312825 1669921470
49 18.728462 1669921470
112 20.063835 1669921470
129 22.956921 1669921470
132 24.543435 1669921470
142 25.058354 1669921470
15 14.845128 1669921500
21 16.920037 1669921500
37 18.346977 1669921500
49 18.906715 1669921500
112 19.980591 1669921500
129 22.805775 1669921500
132 24.468136 1669921500
142 24.920421 1669921500
15 15.009098 1669921530
21 17.054064 1669921530
37 18.140126 1669921530
49 18.712612 1669921530
112 19.843859 1669921530
129 23.015560 1669921530
132 24.558291 1669921530
142 25.062533 1669921530
15 14.978826 1669921560
21 16.929411 1669921560
37 18.346548 1669921560
49 18.917966 1669921560
112 19.980286 1669921560
129 22.899309 1669921560
132 24.662629 1669921560
142 24.831930 1669921560
15 14.905380 1669921590
21 16.713618 1669921590
37 18.524234 1669921590
49 18.960177 1669921590
112 20.159650 1669921590
129 22.966922 1669921590
132 24.513834 1669921590
142 24.914113 1669921590
15 15.092785 1669921620
21 16.809199 1669921620
37 18.728171 1669921620
49 19.117280 1669921620
112 20.281947 1669921620
129 23.169904 1669921620
132 24.729638 1669921620
142 24.926581 1669921620
15 15.087982 1669921650
21 16.838081 1669921650
37 18.666217 1669921650
49 19.223104 1669921650
112 20.327835 1669921650
129 23.174631 1669921650
132 24.898433 1669921650
142 24.905326 1669921650
15 15.013136 1669921680
21 16.936142 1669921680
37 18.911842 1669921680
49 19.125468 1669921680
112 20.339723 1669921680
129 23.393751 1669921680
132 25.017851 1669921680
142 25.046366 1669921680
15 15.009390 1669921710
21 16.809610 1669921710
37 18.858531 1669921710
49 19.347643 1669921710
112 20.399183 1669921710
129 23.315009 1669921710
132 24.898807 1669921710
142 24.935452 1669921710
15 15.108896 1669921740
21 16.859960 1669921740
37 18.742805 1669921740
49 19.151605 1669921740
112 20.439183 1669921740
129 23.226994 1669921740
132 25.044798 1669921740
142 24.921211 1669921740
15 15.138027 1669921770
21 16.672132 1669921770
37 18.984769 1669921770
49 19.186519 1669921770
112 20.229779 1669921770
129 23.142619 1669921770
132 25.044895 1669921770
142 24.776030 1669921770
15 15.082271 1669921800
21 16.422982 1669921800
37 19.124955 1669921800
49 19.402934 1669921800
112 20.456709 1669921800
129 22.954173 1669921800
132 25.256981 1669921800
142 24.860528 1669921800
15 14.915518 1669921830
21 16.443532 1669921830
37 19.102118 1669921830
49 19.188113 1669921830
112 20.426768 1669921830
129 23.009222 1669921830
132 25.083487 1669921830
142 24.677157 1669921830
15 14.916447 1669921860
21 16.400416 1669921860
37 19.346723 1669921860
49 18.996293 1669921860
112 20.535120 1669921860
129 22.765011 1669921860
132 25.033324 1669921860
142 24.481930 1669921860
15 15.165538 1669921890
21 16.489536 1669921890
37 19.487172 1669921890
49 18.875127 1669921890
112 20.670925 1669921890
129 22.851045 1669921890
132 25.098990 1669921890
142 24.536143 1669921890
15 14.941129 1669921920
21 16.299014 1669921920
37 19.708598 1669921920
49 18.991708 1669921920
112 20.671921 1669921920
129 22.635775 1669921920
132 25.335073 1669921920
142 24.637823 1669921920
15 14.814894 1669921950
21 16.239605 1669921950
37 19.795326 1669921950
49 18.804102 1669921950
112 20.719095 1669921950
129 22.644426 1669921950
132 25.481737 1669921950
142 24.791163 1669921950
15 14.589373 1669921980
21 16.299543 1669921980
37 19.956043 1669921980
49 18.672739 1669921980
112 20.642353 1669921980
129 22.801608 1669921980
132 25.612339 1669921980
142 24.766990 1669921980
15 14.525791 1669922010
21 16.497844 1669922010
37 20.003484 1669922010
49 18.726060 1669922010
112 20.440318 1669922010
129 22.865063 1669922010
132 25.676267 1669922010
142 24.893994 1669922010
15 14.282547 1669922040
21 16.426131 1669922040
37 20.166032 1669922040
49 18.952064 1669922040
112 20.355217 1669922040
129 22.966369 1669922040
132 25.534453 1669922040
142 24.714678 1669922040
15 14.326479 1669922070
21 16.324562 1669922070
37 20.075356 1669922070
49 19.047459 1669922070
112 20.540251 1669922070
129 22.771215 1669922070
132 25.724042 1669922070
142 24.657283 1669922070
15 14.493528 1669922100
21 16.373219 1669922100
37 20.130019 1669922100
49 19.284669 1669922100
112 20.665205 1669922100
129 22.806686 1669922100
132 25.818385 1669922100
142 24.631124 1669922100
15 14.565813 1669922130
21 16.436802 1669922130
37 20.308130 1669922130
49 19.319543 1669922130
112 20.679254 1669922130
129 22.866414 1669922130
132 25.947101 1669922130
142 24.463243 1669922130
15 14.401517 1669922160
21 16.518491 1669922160
37 20.420629 1669922160
49 19.224949 1669922160
112 20.841258 1669922160
129 22.987084 1669922160
132 25.886487 1669922160
142 24.374830 1669922160
15 14.505474 1669922190
21 16.298779 1669922190
37 20.588876 1669922190
49 19.363082 1669922190
112 20.990327 1669922190
129 23.182355 1669922190
132 25.701178 1669922190
142 24.262050 1669922190
15 14.665166 1669922220
21 16.497828 1669922220
37 20.723944 1669922220
49 19.267911 1669922220
112 20.816274 1669922220
129 23.313194 1669922220
132 25.791840 1669922220
142 24.413347 1669922220
15 14.601940 1669922250
21 16.545858 1669922250
37 20.808521 1669922250
49 19.264411 1669922250
112 21.053819 1669922250
129 23.557815 1669922250
132 25.958837 1669922250
142 24.479639 1669922250
15 14.703944 1669922280
21 16.315972 1669922280
37 20.663748 1669922280
49 19.368588 1669922280
112 21.019235 1669922280
129 23.310220 1669922280
132 25.806547 1669922280
142 24.530698 1669922280
15 14.518538 1669922310
21 16.108343 1669922310
37 20.450807 1669922310
49 19.357566 1669922310
112 21.186660 1669922310
129 23.374591 1669922310
132 25.565221 1669922310
142 24.395982 1669922310
15 14.490998 1669922340
21 16.314256 1669922340
37 20.238643 1669922340
49 19.537671 1669922340
112 21.016622 1669922340
129 23.423987 1669922340
132 25.775316 1669922340
142 24.216990 1669922340
15 14.646209 1669922370
21 16.373997 1669922370
37 20.393156 1669922370
49 19.436230 1669922370
112 20.954598 1669922370
129 23.246622 1669922370
132 25.841043 1669922370
142 24.246367 1669922370
15 14.724014 1669922400
21 16.414410 1669922400
37 20.637489 1669922400
49 19.665272 1669922400
112 20.865782 1669922400
129 23.202060 1669922400
132 25.793727 1669922400
142 24.432173 1669922400
15 14.899881 1669922430
21 16.450880 1669922430
37 20.725885 1669922430
49 19.818119 1669922430
112 20.616761 1669922430
129 23.443605 1669922430
132 25.789448 1669922430
142 24.239575 1669922430
15 14.853882 1669922460
21 16.405088 1669922460
37 20.593122 1669922460
49 19.728651 1669922460
112 20.508660 1669922460
129 23.222558 1669922460
132 25.977596 1669922460
142 24.002308 1669922460
15 14.795661 1669922490
21 16.564755 1669922490
37 20.415782 1669922490
49 19.513323 1669922490
112 20.262590 1669922490
129 23.365557 1669922490
132 25.995459 1669922490
142 23.878272 1669922490
15 14.814233 1669922520
21 16.635461 1669922520
37 20.578879 1669922520
49 19.293628 1669922520
112 20.210118 1669922520
129 23.198474 1669922520
132 26.046890 1669922520
142 23.723113 1669922520
15 14.802287 1669922550
21 16.847940 1669922550
37 20.409546 1669922550
49 19.127036 1669922550
112 20.202003 1669922550
129 23.169970 1669922550
132 25.888703 1669922550
142 23.908344 1669922550
15 14.908223 1669922580
21 16.827828 1669922580
37 20.546938 1669922580
49 19.223313 1669922580
112 19.970824 1669922580
129 23.095446 1669922580
132 25.654671 1669922580
142 23.811953 1669922580
15 14.698610 1669922610
21 16.749187 1669922610
37 20.792148 1669922610
49 19.256025 1669922610
112 20.220429 1669922610
129 23.188322 1669922610
132 25.872171 1669922610
142 23.915291 1669922610
15 14.672189 1669922640
21 16.818887 1669922640
37 20.552065 1669922640
49 19.261705 1669922640
112 20.020500 1669922640
129 23.261089 1669922640
132 25.848586 1669922640
142 23.665873 1669922640
15 14.657135 1669922670
21 17.016763 1669922670
37 20.384702 1669922670
49 19.017061 1669922670
112 20.111119 1669922670
129 23.053882 1669922670
132 25.901789 1669922670
142 23.527223 1669922670
15 14.649119 1669922700
21 16.886953 1669922700
37 20.498850 1669922700
49 19.163601 1669922700
112 19.923065 1669922700
129 22.974144 1669922700
132 25.759440 1669922700
142 23.449635 1669922700
15 14.511927 1669922730
21 16.679632 1669922730
37 20.685944 1669922730
49 18.974483 1669922730
112 19.947934 1669922730
129 22.997912 1669922730
132 25.933606 1669922730
142 23.375397 1669922730
15 14.368113 1669922760
21 16.920069 1669922760
37 20.895066 1669922760
49 18.796166 1669922760
112 20.001029 1669922760
129 22.981881 1669922760
132 26.068430 1669922760
142 23.354180 1669922760
15 14.157482 1669922790
21 16.674234 1669922790
37 20.830980 1669922790
49 18.612941 1669922790
112 19.862584 1669922790
129 23.056500 1669922790
132 26.237445 1669922790
142 23.404632 1669922790
15 13.939348 1669922820
21 16.527599 1669922820
37 20.888316 1669922820
49 18.641438 1669922820
112 19.712241 1669922820
129 23.004312 1669922820
132 26.011646 1669922820
142 23.432285 1669922820
15 13.763433 1669922850
21 16.737062 1669922850
37 20.760470 1669922850
49 18.630289 1669922850
112 19.641083 1669922850
129 22.965439 1669922850
132 25.907883 1669922850
142 23.317371 1669922850
15 13.537294 1669922880
21 16.795579 1669922880
37 21.007651 1669922880
49 18.382912 1669922880
112 19.787894 1669922880
129 22.843966 1669922880
132 26.137476 1669922880
142 23.234656 1669922880
15 13.478261 1669922910
21 16.905843 1669922910
37 21.062960 1669922910
49 18.204486 1669922910
112 19.754943 1669922910
129 22.805709 1669922910
132 25.985467 1669922910
142 23.376530 1669922910
15 13.658233 1669922940
21 16.733714 1669922940
37 20.926394 1669922940
49 18.263303 1669922940
112 19.866471 1669922940
129 22.650106 1669922940
132 25.739587 1669922940
142 23.536025 1669922940
15 13.533428 1669922970
21 16.944851 1669922970
37 20.972599 1669922970
49 18.017295 1669922970
112 19.993455 1669922970
129 22.497279 1669922970
132 25.933100 1669922970
142 23.483714 1669922970
15 13.401417 1669923000
21 17.059612 1669923000
37 21.206907 1669923000
49 18.154443 1669923000
112 20.034093 1669923000
129 22.546425 1669923000
132 25.845170 1669923000
142 23.257315 1669923000
15 13.647671 1669923030
21 17.232457 1669923030
37 21.274010 1669923030
49 18.196449 1669923030
112 20.164130 1669923030
129 22.524103 1669923030
132 25.794551 1669923030
142 23.390761 1669923030
15 13.636459 1669923060
21 17.313469 1669923060
37 21.382612 1669923060
49 18.284210 1669923060
112 20.107502 1669923060
129 22.741446 1669923060
132 25.845195 1669923060
142 23.256260 1669923060
15 13.869446 1669923090
21 17.121758 1669923090
37 21.385612 1669923090
49 18.466886 1669923090
112 19.879207 1669923090
129 22.808346 1669923090
132 25.694112 1669923090
142 23.094003 1669923090
15 13.782872 1669923120
21 16.894087 1669923120
37 21.377053 1669923120
49 18.319280 1669923120
112 19.671717 1669923120
129 22.900959 1669923120
132 25.810431 1669923120
142 22.975336 1669923120
15 13.983808 1669923150
21 17.007718 1669923150
37 21.162247 1669923150
49 18.180534 1669923150
112 19.746872 1669923150
129 22.937012 1669923150
132 25.918397 1669923150
142 22.902011 1669923150
15 14.040900 1669923180
21 16.954762 1669923180
37 21.154373 1669923180
49 18.006392 1669923180
112 19.810159 1669923180
129 22.972025 1669923180
132 25.744017 1669923180
142 23.002217 1669923180
15 13.848285 1669923210
21 16.806946 1669923210
37 20.977438 1669923210
49 18.023056 1669923210
112 19.836652 1669923210
129 22.979329 1669923210
132 25.653367 1669923210
142 22.859027 1669923210
15 13.776119 1669923240
21 16.695242 1669923240
37 21.140072 1669923240
49 17.828743 1669923240
112 19.640836 1669923240
129 22.808209 1669923240
132 25.478429 1669923240
142 22.914428 1669923240
15 14.010604 1669923270
21 16.778888 1669923270
37 20.915213 1669923270
49 18.074855 1669923270
112 19.589203 1669923270
129 22.918387 1669923270
132 25.531661 1669923270
142 23.147682 1669923270
15 13.873526 1669923300
21 16.933600 1669923300
37 20.845455 1669923300
49 18.138009 1669923300
112 19.697947 1669923300
129 22.855874 1669923300
132 25.631677 1669923300
142 23.346214 1669923300
15 13.699373 1669923330
21 17.089847 1669923330
37 20.920892 1669923330
49 18.032568 1669923330
112 19.891494 1669923330
129 22.755676 1669923330
132 25.477353 1669923330
142 23.285982 1669923330
15 13.740146 1669923360
21 16.939524 1669923360
37 20.773720 1669923360
49 17.976417 1669923360
112 19.874071 1669923360
129 22.821521 1669923360
132 25.494628 1669923360
142 23.532103 1669923360
15 13.767145 1669923390
21 16.743937 1669923390
37 20.529810 1669923390
49 17.776142 1669923390
112 19.839188 1669923390
129 22.632347 1669923390
132 25.417298 1669923390
142 23.375001 1669923390
15 13.748441 1669923420
21 16.858200 1669923420
37 20.580157 1669923420
49 17.807191 1669923420
112 20.063852 1669923420
129 22.650299 1669923420
132 25.428383 1669923420
142 23.148011 1669923420
15 13.903544 1669923450
21 16.977685 1669923450
37 20.812458 1669923450
49 17.595543 1669923450
112 20.258788 1669923450
129 22.846156 1669923450
132 25.260233 1669923450
142 23.345065 1669923450
15 13.776108 1669923480
21 17.151591 1669923480
37 20.603460 1669923480
49 17.625599 1669923480
112 20.325902 1669923480
129 22.806004 1669923480
132 25.307637 1669923480
142 23.587164 1669923480
15 13.924417 1669923510
21 16.937704 1669923510
37 20.444065 1669923510
49 17.770022 1669923510
112 20.362890 1669923510
129 22.928209 1669923510
132 25.126871 1669923510
142 23.589674 1669923510
15 14.111126 1669923540
21 16.831599 1669923540
37 20.279682 1669923540
49 17.926729 1669923540
112 20.305417 1669923540
129 22.752997 1669923540
132 25.253027 1669923540
142 23.374514 1669923540
15 14.181276 1669923570
21 16.933472 1669923570
37 20.326174 1669923570
49 17.821763 1669923570
112 20.462690 1669923570
129 22.978806 1669923570
132 25.146216 1669923570
142 23.567770 1669923570
15 14.354187 1669923600
21 16.857239 1669923600
37 20.094917 1669923600
49 17.760056 1669923600
112 20.335770 1669923600
129 23.200664 1669923600
132 25.352456 1669923600
142 23.739720 1669923600
15 14.123547 1669923630
21 16.779933 1669923630
37 19.957288 1669923630
49 17.644682 1669923630
112 20.462653 1669923630
129 23.246801 1669923630
132 25.215383 1669923630
142 23.896398 1669923630
15 14.063941 1669923660
21 16.915601 1669923660
37 20.127286 1669923660
49 17.604720 1669923660
112 20.563148 1669923660
129 23.081171 1669923660
132 25.278457 1669923660
142 23.935184 1669923660
15 14.284452 1669923690
21 16.717287 1669923690
37 20.269204 1669923690
49 17.838010 1669923690
112 20.413043 1669923690
129 22.972078 1669923690
132 25.452239 1669923690
142 24.147194 1669923690
15 14.253752 1669923720
21 16.904067 1669923720
37 20.373377 1669923720
49 18.053395 1669923720
112 20.614056 1669923720
129 22.891446 1669923720
132 25.665660 1669923720
142 24.202049 1669923720
15 14.449609 1669923750
21 17.117992 1669923750
37 20.415183 1669923750
49 17.953221 1669923750
112 20.696777 1669923750
129 22.795895 1669923750
132 25.652192 1669923750
142 24.001543 1669923750
15 14.461952 1669923780
21 17.278860 1669923780
37 20.448779 1669923780
49 17.796491 1669923780
112 20.751320 1669923780
129 22.940451 1669923780
132 25.819471 1669923780
142 23.853430 1669923780
15 14.505724 1669923810
21 17.163648 1669923810
37 20.515628 1669923810
49 17.991770 1669923810
112 20.977889 1669923810
129 23.078991 1669923810
132 25.892512 1669923810
142 23.610672 1669923810
15 14.480868 1669923840
21 17.032692 1669923840
37 20.396922 1669923840
49 18.152363 1669923840
112 21.139975 1669923840
129 23.202989 1669923840
132 25.784099 1669923840
142 23.760615 1669923840
15 14.455048 1669923870
21 16.897107 1669923870
37 20.636475 1669923870
49 18.370013 1669923870
112 21.339617 1669923870
129 23.252535 1669923870
132 26.009580 1669923870
142 23.948317 1669923870
15 14.443148 1669923900
21 16.911926 1669923900
37 20.734930 1669923900
49 18.393102 1669923900
112 21.270231 1669923900
129 23.391429 1669923900
132 26.005103 1669923900
142 24.094321 1669923900
15 14.319514 1669923930
21 17.027797 1669923930
37 20.795044 1669923930
49 18.196580 1669923930
112 21.090945 1669923930
129 23.362108 1669923930
132 26.006497 1669923930
142 24.135052 1669923930
15 14.327236 1669923960
21 17.081318 1669923960
37 21.009752 1669923960
49 18.369383 1669923960
112 21.260464 1669923960
129 23.516898 1669923960
132 25.778657 1669923960
142 23.989545 1669923960
15 14.146789 1669923990
21 17.090903 1669923990
37 21.057614 1669923990
49 18.586386 1669923990
112 21.021203 1669923990
129 23.750116 1669923990
132 25.530530 1669923990
142 24.154727 1669923990
15 14.057100 1669924020
21 17.292056 1669924020
37 21.032347 1669924020
49 18.441751 1669924020
112 21.188987 1669924020
129 23.621634 1669924020
132 25.386761 1669924020
142 24.368917 1669924020
15 14.068741 1669924050
21 17.533709 1669924050
37 20.812520 1669924050
49 18.364365 1669924050
112 21.433111 1669924050
129 23.857152 1669924050
132 25.391876 1669924050
142 24.574917 1669924050
15 14.234596 1669924080
21 17.706493 1669924080
37 20.602253 1669924080
49 18.479651 1669924080
112 21.279120 1669924080
129 24.024369 1669924080
132 25.274661 1669924080
142 24.475896 1669924080
15 14.351092 1669924110
21 17.525071 1669924110
37 20.572119 1669924110
49 18.390932 1669924110
112 21.085416 1669924110
129 23.907989 1669924110
132 25.177281 1669924110
142 24.324645 1669924110
15 14.156146 1669924140
21 17.380600 1669924140
37 20.429377 1669924140
49 18.193383 1669924140
112 21.187862 1669924140
129 23.830748 1669924140
132 25.333779 1669924140
142 24.235542 1669924140
15 14.111327 1669924170
21 17.256620 1669924170
37 20.676471 1669924170
49 18.370056 1669924170
112 21.227089 1669924170
129 23.783063 1669924170
132 25.344075 1669924170
142 24.274080 1669924170
15 14.128689 1669924200
21 17.502838 1669924200
37 20.604384 1669924200
49 18.318095 1669924200
112 21.324254 1669924200
129 23.620955 1669924200
132 25.310468 1669924200
142 24.377007 1669924200
